florschuetz_chao_1965 = [1.0, 0.9468076959464756, 0.9247747221936324, 0.9078682268076439, 0.8936153918929512, 0.8810583922564819, 0.869705996825888, 0.8592663918118416, 0.849549444387265, 0.840423087839427]
isenberg_sideman_1970 = [1.0, 0.9937213611857654, 0.9874228240700139, 0.9811041339809068, 0.9747650304871887, 0.9684052472102935, 0.9620245116284024, 0.9556225448720257, 0.9491990615106528, 0.9427537693299854]
akiyama_1973 = [1.0, 0.9958871426872752, 0.9917674703709352, 0.9876409319782502, 0.9835074757521256, 0.9793670492378421, 0.9752195992694591, 0.9710650719558703, 0.9669034126665005, 0.9627345660166319]
chen_mayinger_1992 = [1.0, 0.9929639619149048, 0.9859223797854013, 0.9788752051766556, 0.9718223888395363, 0.9647638806902422, 0.95769962978925, 0.9506295843195546, 0.9435536915641702, 0.9364718978828634]
kalman_mori_2002 = [1.0, 0.9997661825181595, 0.99953235708096, 0.9992985236859993, 0.9990646823308731, 0.9988308330131762, 0.9985969757305018, 0.9983631104804421, 0.9981292372605874, 0.9978953560685269]
yuan_et_al_2009 = [1.0, 0.9933240306148035, 0.9866292799339688, 0.9799154795304377, 0.9731823546254031, 0.9664296238729932, 0.9596569991353898, 0.952864185247853, 0.9460508797730891, 0.9392167727443613]
lucic_mayinger_2010 = [1.0, 0.9730778123904573, 0.9461556247809148, 0.9192334371713721, 0.8923112495618294, 0.8653890619522867, 0.8384668743427441, 0.8115446867332015, 0.7846224991236588, 0.7577003115141161]
kim_park_2011 = [1.0, 0.992802209753557, 0.9855887095919265, 0.9783593150461349, 0.9711138376836732, 0.9638520849839621, 0.9565738602086442, 0.949278962266432, 0.9419671855722298, 0.9346383199002227]
al_issa_et_al_2014 = [1.0, 0.9959272912236967, 0.9918527516255413, 0.9877763720275083, 0.983698143163294, 0.9796180556770564, 0.9755361001221331, 0.9714522669597329, 0.9673665465576026, 0.9632789291886696]
tang_et_al_2016 = [1.0, 0.9279314293302015, 0.8534496359379338, 0.7761522980775769, 0.6955001758695275, 0.6107382097761986, 0.5207443238458512, 0.4237010457199906, 0.3162309698054532, 0.19016195629801486]
